%YAML:1.0
---
K: !!opencv-matrix
   rows: 3
   cols: 3
   dt: d
   data: [ 2.0726254408320042e+03, 0., 9.6387684294235430e+02, 0.,
       2.0718940326982593e+03, 6.0194430285623798e+02, 0., 0., 1. ]
D: !!opencv-matrix
   rows: 1
   cols: 5
   dt: d
   data: [ -3.3310046656435027e-02, 1.2490877231587061e-01,
       -2.5392001338398694e-03, -4.1815860182143992e-04,
       3.8330303611052513e-01 ]
RMS: 5.7671315878406855e-02
