%YAML:1.0
---
K: !!opencv-matrix
   rows: 3
   cols: 3
   dt: d
   data: [ 2.0783389536950085e+03, 0., 9.4738064707263163e+02, 0.,
       2.0778376604134419e+03, 5.9801299913147602e+02, 0., 0., 1. ]
D: !!opencv-matrix
   rows: 1
   cols: 5
   dt: d
   data: [ -3.3177711554825705e-02, 8.8055356004497362e-02,
       -2.4645739952348848e-03, -3.3010999532311595e-04,
       8.0969882796234105e-01 ]
RMS: 7.5424308799721451e-02
