%YAML:1.0
---
Size: !!opencv-matrix
   rows: 2
   cols: 1
   dt: d
   data: [ 1080., 1920. ]
K1: !!opencv-matrix
   rows: 3
   cols: 3
   dt: d
   data: [ 2.0726254408320042e+03, 0., 9.6387684294235430e+02, 0.,
       2.0718940326982593e+03, 6.0194430285623798e+02, 0., 0., 1. ]
D1: !!opencv-matrix
   rows: 1
   cols: 5
   dt: d
   data: [ -3.3310046656435027e-02, 1.2490877231587061e-01,
       -2.5392001338398694e-03, -4.1815860182143992e-04,
       3.8330303611052513e-01 ]
K2: !!opencv-matrix
   rows: 3
   cols: 3
   dt: d
   data: [ 2.0783389536950085e+03, 0., 9.4738064707263163e+02, 0.,
       2.0778376604134419e+03, 5.9801299913147602e+02, 0., 0., 1. ]
D2: !!opencv-matrix
   rows: 1
   cols: 5
   dt: d
   data: [ -3.3177711554825705e-02, 8.8055356004497362e-02,
       -2.4645739952348848e-03, -3.3010999532311595e-04,
       8.0969882796234105e-01 ]
R: !!opencv-matrix
   rows: 3
   cols: 3
   dt: d
   data: [ 9.9997852461996484e-01, -4.7273280470506353e-03,
       -4.5390162385757502e-03, 4.7180036019553191e-03,
       9.9998674255619213e-01, -2.0628024306590135e-03,
       4.5487076066089991e-03, 2.0413430362299523e-03,
       9.9998757101161917e-01 ]
T: !!opencv-matrix
   rows: 3
   cols: 1
   dt: d
   data: [ -6.2339186127632125e+01, -4.8267192545213589e-01,
       -1.1276846730993733e+00 ]
E: !!opencv-matrix
   rows: 3
   cols: 3
   dt: d
   data: [ 3.1248868907519070e-03, 1.1266844239093812e+00,
       -4.8499211701306899e-01, -8.4409772551388418e-01,
       1.3258659886925647e-01, 6.2343529893655266e+01,
       1.8854505519597303e-01, -6.2340641417905722e+01,
       1.2640256896185234e-01 ]
F: !!opencv-matrix
   rows: 3
   cols: 3
   dt: d
   data: [ 1.5217666970676813e-09, 5.4886981681675590e-07,
       -8.2137454479224098e-04, -4.1116038830182718e-07,
       6.4605791689503466e-08, 6.3298000332398893e-02,
       4.3526697043510691e-04, -6.3676837885007609e-02,
       9.9999999999999989e-01 ]
RMS: 2.0491460245812138e-01
